kinematics:
  shoulder:
    x: 0
    y: 0
    z: 0.16254568967290314
    roll: -0
    pitch: 0
    yaw: 3.544147126471886e-08
  upper_arm:
    x: 0.00025627638293109709
    y: 0
    z: 0
    roll: 1.5715184482801243
    pitch: 0
    yaw: -2.9924992270835564e-06
  forearm:
    x: -0.42499359779771384
    y: 0
    z: 0
    roll: 0.00081333813270910373
    pitch: -0.00081089469513655513
    yaw: 9.6181508858977805e-06
  wrist_1:
    x: -0.39233659017099581
    y: -0.0010837067543784968
    z: 0.1333733257668436
    roll: 0.0081251847006563443
    pitch: -0.00054803595448083952
    yaw: -7.235081926149184e-06
  wrist_2:
    x: 5.1424164491960323e-05
    y: -0.099746221587637615
    z: 2.2284321927427484e-05
    roll: 1.570572916612516
    pitch: 0
    yaw: 3.0724228378131713e-07
  wrist_3:
    x: 1.6728996770497104e-05
    y: 0.09926886299683535
    z: 7.9269240519903679e-05
    roll: 1.5715948573842287
    pitch: 3.1415926535897931
    yaw: 3.1415926173557467
  hash: calib_14023737202003380532